@    s0 legend  "Temperature"
1992 6.5555556
1993 6.7777778
1994 6.8333333
1995 7.3333333
1996 6.9444444
1997 6.8333333
1998 9.0555556
1999 8.2777778
2000 7.1666667
2001 8.2777778
2002 8.2222222
2003 6.9444444
2004 7.3333333
2005 7.8888889
2006 8.6666667
2007 7.6111111
2008 7.6666667
2009 7.2222222
2010 8.4444444
2011 8.3888889
2012 9.3333333
2013 7.6111111
2014 6.9444444
2015 7.6111111
2016 8.6666667
2017 8.2777778
2018 7.8888889
2019 7.3333333


@    s1 legend  "Precipitation"
1992 42.69
1993 41.37
1994 42.11
1995 37.1
1996 50.83
1997 39.01
1998 41.4
1999 38.77
2000 46.24
2001 34.14
2002 43.56
2003 48.02
2004 45.17
2005 46.85
2006 48.89
2007 44.47
2008 47.73
2009 42.37
2010 43.92
2011 55.71
2012 39.56
2013 43.99
2014 43.22
2015 40.64
2016 38.17
2017 47.38
2018 48.58
2019 48.22


@    s3 legend  "RH, Erie&Nassau"
1998 81.11
1999 77.86
2000 81.6
2001 78.44
2002 79.47
2003 84.17
2004 84.43
2005 81.21
2006 83.4
2007 80.57
2008 82.13
2009 82.76
2010 80.5
2011 84.47
2012 80.81
2013 81.49
2014 80.99
2015 80.61
2016 78.93
2017 82.54
2018 81.32
2019 80.19


@    s4 legend  "UV flux, Erie&Nassau"
1998 9.33
1999 9.91
2000 9.26
2001 9.69
2002 9.72
2003 8.72
2004 8.74
2005 9.38
2006 9.06
2007 9.26
2008 8.91
2009 8.61
2010 9.19
2011 9.06
2012 9.47
2013 9.39
2014 9.41
2015 9.61
2016 9.69
2017 9.05
2018 8.44
2019 8.7


@    s0 legend  "LD #, NYS"
1992 116
1993 92
1994 73
1995 71
1996 99
1997 106
1998 150
1999 118
2000 147
2001 125
2002 184
2003 247
2004 197
2005 359
2006 530
2007 418
2008 503
2009 595
2010 464
2011 616
2012 502
2013 756
2014 650
2015 870
2016 731
2017 1022
2018 1424
2019 1052
