@    s0 legend  "LD case ratio NYS"
1992 1.06
1993 0.84
1994 0.67
1995 0.65
1996 0.9
1997 0.97
1998 1.37
1999 1.08
2000 1.34
2001 1.14
2002 1.68
2003 2.25
2004 1.8
2005 3.27
2006 4.83
2007 3.81
2008 4.59
2009 5.42
2010 4.23
2011 5.62
2012 4.58
2013 6.89
2014 5.93
2015 7.93
2016 6.66
2017 9.32
2018 12.98
2019 9.59


@    s1 legend  "[SO\s2\N], Nassau&Erie (r=-0.89, p<0.0001)"
1992 8.9
1993 8.05
1994 8.4
1995 6.49
1996 6.85
1997 5.91
1998 5.76
1999 6.38
2000 6.24
2001 6.18
2002 4.88
2003 4.95
2004 3.86
2005 3.93
2006 3.27
2007 3.23
2008 3.53
2009 2.69
2010 1.8
2011 2
2012 2.12
2013 1.75
2014 1.45
2015 1.12
2016 0.5
2017 0.34
2018 0.34
2019 0.34


@    s2 legend  "US SO\s2\N emission ratio (r=-0.91, p<0.0001)"
1992 11.129867
1993 10.974124
1994 10.758905
1995 9.3844305
1996 9.2666241
1997 9.495752
1998 9.5484441
1999 8.843353
2000 8.2392861
2001 8.0299434
2002 7.5765277
2003 7.4635653
2004 7.344363
2005 7.3314123
2006 6.6140886
2007 5.8967649
2008 5.2033756
2009 4.5811977
2010 3.8972218
2011 3.2654931
2012 2.5600876
2013 2.4563217
2014 2.3560402
2015 1.9883907
2016 1.6149283
2017 1.2799695
2018 1.2290596
2019 1


@    s0 legend  "pH_Rainwater (r=0.93, p<0.0001)"
1992 4.33 0.18 0.08
1993 4.31 0.1 0.07
1994 4.32 0.15 0.09
1995 4.41 0.14 0.09
1996 4.43 0.21 0.15
1997 4.39 0.11 0.07
1998 4.39 0.09 0.08
1999 4.48 0.15 0.13
2000 4.41 0.16 0.14
2001 4.42 0.18 0.09
2002 4.49 0.09 0.11
2003 4.57 0.31 0.17
2004 4.52 0.18 0.14
2005 4.62 0.12 0.11
2006 4.6 0.15 0.14
2007 4.59 0.12 0.05
2008 4.63 0.1 0.06
2009 4.79 0.11 0.11
2010 4.9 0.17 0.12
2011 4.91 0.12 0.18
2012 4.99 0.13 0.11
2013 5 0.14 0.13
2014 5.04 0.18 0.14
2015 5.11 0.19 0.17
2016 5.19 0.33 0.18
2017 5.19 0.31 0.18
2018 5.22 0.34 0.2
2019 5.27 0.33 0.22


@    s1 legend  "pH_CT droplet Nassau&Erie (r=0.95, p<0.0001)"
1992 3.91
1993 3.95
1994 3.93
1995 4.04
1996 4.02
1997 4.08
1998 4.09
1999 4.05
2000 4.06
2001 4.06
2002 4.16
2003 4.16
2004 4.26
2005 4.25
2006 4.33
2007 4.34
2008 4.3
2009 4.41
2010 4.57
2011 4.53
2012 4.51
2013 4.58
2014 4.66
2015 4.76
2016 5.03
2017 5.15
2018 5.15
2019 5.15
